2.1036328234913526E-10
1.9399593043090135E-11
3.006714877074046E-10
 
5.829114968491922E-11
3.3576696978343534E-11
4.241957896056192E-10
 
3.779376811507973E-11
8.1592510525752E-10
4.007461029686965E-12
 
3.3928415632544784E-12
1.247428826900432E-10
3.184297270308889E-11
 
3.348681332226988E-10
1.743671873555286E-11
2.099224616358697E-8
 
4.121147867408581E-12
3.538502824085299E-11
2.1788615356399532E-10
 
7.410925206841057E-10
1.3642420526593924E-11
4.916955731459893E-12
 
1.2072121080564102E-11
1.1596412718972715E-10
2.1271873151818E-11
 
2.8684610242635245E-11
5.107304801299506E-9
2.609112925711088E-11
 
2.9842794901924208E-12
5.821121362714621E-12
3.0174618359524175E-10
 
2.0735413386319124E-11
6.73345823543059E-11
2.3879564992057567E-11
 
4.744826753722009E-11
2.0864909799911402E-10
2.241407059955236E-11
 
1.1145928624500812E-10
1.7755930059593084E-10
1.0832490460188637E-9
 
3.38907568675495E-10
3.061298770035137E-9
4.665068331632938E-11
 
2.4073187887552194E-11
3.417355287638202E-11
1.8737011941993842E-11
 
8.409752894067424E-10
2.0520474208751693E-11
1.921982573094283E-10
 
5.162533511793299E-9
1.858069254012662E-11
5.37747091300389E-9
 
3.863913633495031E-10
1.3731948911299696E-10
6.105338457018661E-12
 
6.351768888634979E-9
1.5869972003201838E-11
2.937704124406082E-8
 
1.7131540630543896E-10
1.1176304326454556E-10
2.3166517593153912E-9
 
5.400409008871065E-10
1.9987922428299498E-10
5.07341013644691E-9
 
5.019228410674259E-8
1.993427645174961E-11
2.1303847574927204E-11
 
1.9667822925839573E-11
7.505747134928242E-10
8.276934693185467E-11
 
5.240323730504315E-10
2.51157317165962E-10
3.574562867925124E-11
 
4.7837289685048745E-11
5.256426405253478E-9
1.8217072295101389E-10
 
1.4425793892769434E-11
7.822794856338078E-9
1.162669960308449E-9
 
1.2872369836713915E-9
8.244072091656562E-12
1.460751519744008E-10
 
5.947766723579662E-9
1.7906387483890285E-10
3.304556628336286E-11
 
3.510081114654895E-12
3.0765594516424244E-9
4.453326596376428E-12
 
1.297184581972033E-9
1.5439383105331217E-10
6.500631144490399E-10